$coord
          4.250896788346         -0.175745514084          0.457298257865     c 
          1.682720251622          1.159588358729          0.528646696761     c 
         -0.045121829498         -0.070386810839          1.928575019645     n 
         -2.668287434158          0.637689340619          1.899676260465     c 
         -4.029041407788         -0.455178081159         -0.382942497756     c 
         -3.032295814072         -1.751162742707         -1.974380277792     o 
          3.884348138278         -2.872869912059          0.887951274399     n 
          1.288869555733          3.197422094441         -0.487769312498     o 
         -6.443319240891          0.187108355903         -0.421733296136     o 
          3.025297773189         -3.648021070104         -0.645099352342     h 
          5.584700663252         -3.733188899689          1.084210154458     h 
          5.636179824318          0.469690548494         -2.000451332886     c 
          5.336241157453          0.569287170050          2.061123309229     h 
          0.445631115555         -1.843554554291          2.462245767704     h 
         -2.792277180996          2.698864266768          1.765767347977     h 
         -3.609466517703          0.016978750561          3.625718466247     h 
         -7.335956766547         -0.484252795746         -1.887435895110     h 
          4.618215492291         -0.318512594627         -3.605965718746     h 
          5.719897767338          2.507717717500         -2.232517114209     h 
          7.546174069347         -0.287712758292         -1.975299773652     h 
$end
