   57
          4          1          4
          3          5          7
          3          8         10
          4         11         14
          4         15         18
          1         19         19
          1         20         20
          1         21         21
          4         22         25
          4         26         29
          4         30         33
          1         34         34
          3         35         37
          3         38         40
          4         41         44
          4         45         48
          3         49         51
          2         52         53
          1         54         54
          1         55         55
          3         56         58
          1         59         59
          2         60         61
          4         62         65
          2         66         67
          3         68         70
          6         71         76
          3         77         79
          3         80         82
          3         83         85
          1         86         86
          3         87         89
          1         90         90
          5         91         95
          3         96         98
          3         99        101
          3        102        104
          4        105        108
          3        109        111
          1        112        112
          3        113        115
          1        116        116
          2        117        118
          1        119        119
          1        120        120
          1        121        121
          2        122        123
          1        124        124
          1        125        125
          1        126        126
          1        127        127
          1        128        128
          1        129        129
          1        130        130
          1        131        131
          1        132        132
          3        133        135
