           3           4  0.99497452718967738     
           7           8   2.3857484431031453     
           5           9   1.7628576112148295     
           1          10   1.8284034225355144     
           2          11   1.6753737572428120     
           3          12   1.1800032339246040     
           1          13   1.0066886782992288     
           3          13   1.5779365537182752     
          10          13   1.0084177709096749     
           6          16   1.2777766289018913     
          11          16   1.6138385510599071     
          12          17   2.4653707438323806     
          14          17   1.2589095390874330     
           6          18   1.1832514210421508     
          16          18  0.74344895521879450     
           5          19  0.84730320611044208     
           9          19  0.13465250002676005     
          14          19   1.1722876866923051     
           4          20   2.7788343792969079     
          12          20  0.10897550814640515     
          13          20  0.13073429747673820     
           8          21  0.16240866290271616     
          11          21  0.27704204604777832     
          18          21   1.6907040476702233     
           2          22   1.1102314570723184     
          15          22   2.7938218499090759     
           5          23   1.2119781819815225     
          19          23  0.10695127470955812     
           2          24  0.84949599446084267     
           7          24   1.2453290414585296     
          21          24   1.4374165632399765     
          14          25   1.3139893156831719     
          19          25  0.10851910347612866     
          23          25   1.4962752452580210     
