$coord
          4.213978724112          5.292583122925          0.410341854077     c 
          1.400108733596          5.171613986878         -0.039464079457     c 
          0.250258343214          7.677408739347          0.696232355182     c 
          0.333227778545          3.232439921168          1.597718651102     n 
         -0.834819766382          1.175545950522          0.162224731706     c 
          1.008905043088         -0.133330411853         -1.608403291146     c 
          3.087623524341         -1.819235458601         -0.580528320254     c 
          1.859129289958         -5.040379728422         -0.574831952611     s 
          5.210465090794         -1.730169240801         -2.461666109848     c 
          7.608101062224         -1.201750403812         -1.852071438992     c 
          8.332293623135         -0.717945665998          0.722526173713     c 
          6.624198715658         -0.733647213654          2.585444868939     c 
          3.880548465474         -1.225970074822          2.137690123004     c 
         -2.020288221566         -0.710660269873          2.101961330558     c 
         -4.625269088472         -1.179924541577          1.239004091515     c 
         -6.434083256720         -2.807541930982          2.055455255218     n 
         -8.551384331483         -2.442736614809          0.577547706428     c 
         -8.060239029414         -0.563668600886         -1.178535830122     c 
         -5.577975941995          0.188478647457         -0.713666965722     c 
         -3.471398293732          2.342679870073         -1.954564768126     s 
         -6.297523785215         -4.067642759424          3.488160044643     h 
$end
