           1           2  0.17076970349086265     
           1           3   2.2228167823438900     
           2           3   1.5822939355859096     
           1           4  0.26365569457292293     
           2           4   2.0278184718673611     
           3           4  0.10166402952723635     
           4           5   1.0894838635300583     
           5           6   1.5403884984464691     
           6           7  0.92420580913323969     
           5           8  0.10900661451145885     
           6           8   1.1361423736965468     
           7           8  0.71253753981433532     
           7           9   1.0638887905020258     
           9          10   1.6650400135216954     
           9          11  0.20897630419511534     
          10          11   1.6383775087514612     
           9          12  0.37417617701209516     
          11          12   1.6404900043914330     
           7          13   1.0642438346243219     
           9          13  0.16278402185758081     
          10          13  0.37300330773891355     
          11          13  0.20913071788162682     
          12          13   1.6605686676820630     
           5          14   1.1036290070260317     
          14          15   2.6199005564272810     
          15          16   1.1210789725205537     
          16          17   1.3191641551801925     
          17          18   2.0213591408632960     
          18          19   1.6997911623335105     
          17          20  0.17644368205518499     
          19          20   1.8786485307090284     
          16          21  0.91011848718356170     
